   7       0 loop0 14 75 736 1 6300 5828 501824 15823 0 8250 49927 1061 5 15552600 28082 2372 6020
   7       1 loop1 0 0 0 0 0 0 0 0 0 0 0 0 0 0 0 0 0
   7       2 loop2 0 0 0 0 0 0 0 0 0 0 0 0 0 0 0 0 0
   7       3 loop3 0 0 0 0 0 0 0 0 0 0 0 0 0 0 0 0 0
   7       4 loop4 0 0 0 0 0 0 0 0 0 0 0 0 0 0 0 0 0
   7       5 loop5 0 0 0 0 0 0 0 0 0 0 0 0 0 0 0 0 0
   7       6 loop6 0 0 0 0 0 0 0 0 0 0 0 0 0 0 0 0 0
   7       7 loop7 0 0 0 0 0 0 0 0 0 0 0 0 0 0 0 0 0
 179       0 mmcblk0 741 0 28726 252 7768 246573 16054416 42476 0 7850 44607 0 0 0 0 2372 1878
 179       1 mmcblk0p1 129 0 2048 16 0 0 0 0 0 0 16 0 0 0 0 0 0
 179       2 mmcblk0p2 4 0 80 1 0 0 0 0 0 0 1 0 0 0 0 0 0
 179       3 mmcblk0p3 0 0 0 0 0 0 0 0 0 0 0 0 0 0 0 0 0
 179       4 mmcblk0p4 0 0 0 0 0 0 0 0 0 0 0 0 0 0 0 0 0
 179       5 mmcblk0p5 0 0 0 0 0 0 0 0 0 0 0 0 0 0 0 0 0
 179       6 mmcblk0p6 0 0 0 0 0 0 0 0 0 0 0 0 0 0 0 0 0
 179       7 mmcblk0p7 603 0 26558 234 7768 246573 16054416 42476 0 8130 42710 0 0 0 0 0 0
 179       8 mmcblk0boot0 0 0 0 0 0 0 0 0 0 0 0 0 0 0 0 0 0
 179      16 mmcblk0boot1 0 0 0 0 0 0 0 0 0 0 0 0 0 0 0 0 0
