   7       0 loop0 14 75 736 1 7482 5828 510392 16270 0 8610 50794 1068 5 15552664 28122 2774 6400
   7       1 loop1 0 0 0 0 0 0 0 0 0 0 0 0 0 0 0 0 0
   7       2 loop2 0 0 0 0 0 0 0 0 0 0 0 0 0 0 0 0 0
   7       3 loop3 0 0 0 0 0 0 0 0 0 0 0 0 0 0 0 0 0
   7       4 loop4 0 0 0 0 0 0 0 0 0 0 0 0 0 0 0 0 0
   7       5 loop5 0 0 0 0 0 0 0 0 0 0 0 0 0 0 0 0 0
   7       6 loop6 0 0 0 0 0 0 0 0 0 0 0 0 0 0 0 0 0
   7       7 loop7 0 0 0 0 0 0 0 0 0 0 0 0 0 0 0 0 0
 179       0 mmcblk0 741 0 28726 252 8962 250072 16063048 42950 0 8190 45367 0 0 0 0 2774 2164
 179       1 mmcblk0p1 129 0 2048 16 0 0 0 0 0 0 16 0 0 0 0 0 0
 179       2 mmcblk0p2 4 0 80 1 0 0 0 0 0 0 1 0 0 0 0 0 0
 179       3 mmcblk0p3 0 0 0 0 0 0 0 0 0 0 0 0 0 0 0 0 0
 179       4 mmcblk0p4 0 0 0 0 0 0 0 0 0 0 0 0 0 0 0 0 0
 179       5 mmcblk0p5 0 0 0 0 0 0 0 0 0 0 0 0 0 0 0 0 0
 179       6 mmcblk0p6 0 0 0 0 0 0 0 0 0 0 0 0 0 0 0 0 0
 179       7 mmcblk0p7 603 0 26558 234 8962 250072 16063048 42950 0 8470 43184 0 0 0 0 0 0
 179       8 mmcblk0boot0 0 0 0 0 0 0 0 0 0 0 0 0 0 0 0 0 0
 179      16 mmcblk0boot1 0 0 0 0 0 0 0 0 0 0 0 0 0 0 0 0 0
