   7       0 loop0 14 75 736 1 8501 5831 518032 16660 0 9010 51596 1081 5 15552808 28205 3102 6729
   7       1 loop1 0 0 0 0 0 0 0 0 0 0 0 0 0 0 0 0 0
   7       2 loop2 0 0 0 0 0 0 0 0 0 0 0 0 0 0 0 0 0
   7       3 loop3 0 0 0 0 0 0 0 0 0 0 0 0 0 0 0 0 0
   7       4 loop4 0 0 0 0 0 0 0 0 0 0 0 0 0 0 0 0 0
   7       5 loop5 0 0 0 0 0 0 0 0 0 0 0 0 0 0 0 0 0
   7       6 loop6 0 0 0 0 0 0 0 0 0 0 0 0 0 0 0 0 0
   7       7 loop7 0 0 0 0 0 0 0 0 0 0 0 0 0 0 0 0 0
 179       0 mmcblk0 746 0 28884 253 10004 253191 16070832 43388 0 8570 46048 0 0 0 0 3102 2406
 179       1 mmcblk0p1 129 0 2048 16 0 0 0 0 0 0 16 0 0 0 0 0 0
 179       2 mmcblk0p2 4 0 80 1 0 0 0 0 0 0 1 0 0 0 0 0 0
 179       3 mmcblk0p3 0 0 0 0 0 0 0 0 0 0 0 0 0 0 0 0 0
 179       4 mmcblk0p4 0 0 0 0 0 0 0 0 0 0 0 0 0 0 0 0 0
 179       5 mmcblk0p5 0 0 0 0 0 0 0 0 0 0 0 0 0 0 0 0 0
 179       6 mmcblk0p6 0 0 0 0 0 0 0 0 0 0 0 0 0 0 0 0 0
 179       7 mmcblk0p7 608 0 26716 235 10004 253191 16070832 43388 0 8850 43624 0 0 0 0 0 0
 179       8 mmcblk0boot0 0 0 0 0 0 0 0 0 0 0 0 0 0 0 0 0 0
 179      16 mmcblk0boot1 0 0 0 0 0 0 0 0 0 0 0 0 0 0 0 0 0
