   7       0 loop0 14 75 736 1 10159 5834 530384 17308 0 9520 53002 1115 5 15553128 28425 3649 7266
   7       1 loop1 0 0 0 0 0 0 0 0 0 0 0 0 0 0 0 0 0
   7       2 loop2 0 0 0 0 0 0 0 0 0 0 0 0 0 0 0 0 0
   7       3 loop3 0 0 0 0 0 0 0 0 0 0 0 0 0 0 0 0 0
   7       4 loop4 0 0 0 0 0 0 0 0 0 0 0 0 0 0 0 0 0
   7       5 loop5 0 0 0 0 0 0 0 0 0 0 0 0 0 0 0 0 0
   7       6 loop6 0 0 0 0 0 0 0 0 0 0 0 0 0 0 0 0 0
   7       7 loop7 0 0 0 0 0 0 0 0 0 0 0 0 0 0 0 0 0
 179       0 mmcblk0 746 0 28884 253 11719 258233 16083504 44134 0 9060 47193 0 0 0 0 3649 2805
 179       1 mmcblk0p1 129 0 2048 16 0 0 0 0 0 0 16 0 0 0 0 0 0
 179       2 mmcblk0p2 4 0 80 1 0 0 0 0 0 0 1 0 0 0 0 0 0
 179       3 mmcblk0p3 0 0 0 0 0 0 0 0 0 0 0 0 0 0 0 0 0
 179       4 mmcblk0p4 0 0 0 0 0 0 0 0 0 0 0 0 0 0 0 0 0
 179       5 mmcblk0p5 0 0 0 0 0 0 0 0 0 0 0 0 0 0 0 0 0
 179       6 mmcblk0p6 0 0 0 0 0 0 0 0 0 0 0 0 0 0 0 0 0
 179       7 mmcblk0p7 608 0 26716 235 11719 258233 16083504 44134 0 9340 44370 0 0 0 0 0 0
 179       8 mmcblk0boot0 0 0 0 0 0 0 0 0 0 0 0 0 0 0 0 0 0
 179      16 mmcblk0boot1 0 0 0 0 0 0 0 0 0 0 0 0 0 0 0 0 0
